#Exudyn implicit second order time integration solver solution file
#simulation started=2026-05-10,21:13:23
#columns contain: time, ODE2 displacements, ODE2 velocities, ODE2 accelerations, AE coordinates
#number of system coordinates [nODE2, nODE1, nAlgebraic, nData] = [9,0,9,0]
#number of written coordinates [nODE2, nVel2, nAcc2, nODE1, nVel1, nAlgebraic, nData] = [9,9,9,0,0,9,0]
#total columns exported  (excl. time) = 36
#number of time steps (planned) = 100
#Exudyn version = 1.10.0; Python3.11.11; Windows AVX2 FLOAT64
#
0,0,0,0,0,0,0,0,0,0,0,0,0,0,0,0,0,0,0,0,0,0,0,0,0,0,0,0,0,0,0,0,0,0,0,0,0
0.01,4.542669397e-23,-2.054261404e-23,0.003490658504,-0.03508928442,0.104658619,-0.00139630737,1.106926726e-17,3.523486242e-23,-0.0006946200971,9.062625447e-21,-4.098251501e-21,0.6963863715,-7.000312241,20.8793945,-0.2785633203,2.208318819e-15,7.029355053e-21,-0.1385767094,1.803894018e-18,-8.157472036e-19,138.6140492,-1393.395484,4155.993762,-55.44736566,4.395606031e-13,1.399176387e-18,-27.58336405,-389.1831666,-2618.597449,-1096.772791,-544.2687922,-831.4027474,1943.658302,-134.5897465,-2356.065742,-5227.837266
0.02,5.793211742e-28,-1.378556472e-27,0.006981317008,-0.07054368182,0.209194116,-0.002792683651,6.115673846e-17,1.227488986e-27,-0.001382207435,-1.80388246e-20,8.157197014e-21,0.006632251158,-0.13950968,0.1742885219,-0.002666731667,7.805163293e-15,-1.399151898e-20,8.325723094e-05,-7.166355956e-18,3.240686421e-18,-273.4477152,2734.290637,-8203.531417,109.379794,6.822796886e-13,-5.558497447e-18,54.6937254,778.822836,5171.399113,2174.66258,1079.328164,1636.735862,-3833.658558,278.6766689,4651.417724,10104.8872
0.03,2.82181673e-26,3.697896939e-26,0.01047197551,-0.1063627602,0.3136052171,-0.004189100427,1.697563189e-16,3.102405429e-27,-0.002062747896,1.77983541e-20,-8.038309052e-21,0.6841167069,-6.950420977,20.48646856,-0.2736635098,1.391671072e-14,1.380109858e-20,-0.1347159054,1.414683806e-17,-6.395255341e-18,401.4766916,-4021.659638,12041.97446,-160.5919435,5.400741609e-13,1.097201638e-17,-80.16254635,-1097.187296,-7566.080503,-3174.518691,-1567.694678,-2400.900455,5634.144417,-407.5339384,-6830.156875,-14127.37823
0.04,-5.848420919e-25,-2.649576454e-29,0.01396263402,-0.1425460831,0.4178906503,-0.005585529453,2.938444412e-16,-2.015138718e-26,-0.002736227638,-1.754343131e-20,7.860438863e-21,0.02334552407,-0.3795934805,0.650519641,-0.009354529736,1.092215109e-14,-1.35131834e-20,-0.001845301659,-2.080999428e-17,9.39188535e-18,-520.5587611,5204.943945,-15617.05198,208.2248216,-1.131699843e-12,-1.612069135e-17,104.1252897,1403.697024,9798.650677,4115.251012,2027.368227,3108.436307,-7308.147966,540.2087928,8860.04973,17665.02396
0.05,8.321607326e-26,5.461648055e-26,0.01745329252,-0.1790932097,0.5220491447,-0.006981942649,3.480733322e-16,-8.889552907e-26,-0.003402633101,1.71957779e-20,-7.632834729e-21,0.663971244,-6.821649145,19.8567422,-0.2656021237,-7.351212674e-17,1.312737033e-20,-0.1292734419,2.706681139e-17,-1.217861749e-17,629.2636789,-6298.979631,18875.74679,-251.7061907,-1.080973515e-12,2.091347935e-17,-125.7301873,-1633.855688,-11808.33865,-4951.000755,-2428.051258,-3753.831292,8841.870834,-653.3656642,-10712.25352,-20318.30962
0.06,-9.236420244e-25,-3.718812626e-26,0.02094395102,-0.2160036946,0.6260794312,-0.008378312105,2.634367997e-16,-1.767989425e-25,-0.004061950999,-1.683519766e-20,7.362656855e-21,0.04606960622,-0.6795634995,1.306582146,-0.01843544592,-1.684164289e-14,-1.271222695e-20,-0.004971513237,-3.285466182e-17,1.471895834e-17,-726.7306516,7266.085485,-21802.43651,290.6941192,-2.256935523e-12,-2.529378877e-17,145.3713003,1849.685467,13614.98703,5710.802675,2792.504231,4329.425313,-10216.35997,767.3851981,12376.24522,22495.76016
0.07,3.130414137e-25,3.612219355e-26,0.02443460953,-0.2532770881,0.7299802424,-0.009774610084,7.576873086e-17,-3.772495895e-26,-0.004714168327,1.645888645e-20,-7.070387245e-21,0.6393857211,-6.64833521,19.09329406,-0.2557535911,-2.07340777e-14,1.22623874e-20,-0.1229369858,3.814644053e-17,-1.699150413e-17,812.5493565,-8131.21933,24374.50068,-325.0198717,1.443685002e-12,2.923391881e-17,-162.3988394,-1991.990723,-15178.31802,-6357.390434,-3095.171021,-4835.76755,11431.94952,-859.8364661,-13840.57996,-23864.64647
0.08,-1.53629353e-25,-6.085927173e-25,0.02792526803,-0.290912936,0.8337503121,-0.01117080902,-1.145417379e-16,-4.608735477e-25,-0.005359272356,-1.588286195e-20,6.646163979e-21,0.07191704092,-1.010554902,2.055849067,-0.02875463552,-1.731226102e-14,-1.183735118e-20,-0.008717852095,-4.289311342e-17,1.896446027e-17,-886.6610012,8864.786749,-26600.5815,354.6667545,-7.060469604e-13,-3.272937128e-17,177.3694467,2122.928856,16532.31203,6925.783976,3361.339575,5270.061834,-12481.07271,952.037025,15108.30904,24838.9824
0.09,2.865934191e-24,-7.212156294e-25,0.03141592654,-0.3289107798,0.937388376,-0.01256688151,-2.787366186e-16,-6.926030475e-26,-0.005997250634,1.578448909e-20,-6.362671224e-21,0.6127746122,-6.454608934,18.2685635,-0.2450838372,-1.553534663e-14,1.138448668e-20,-0.116189875,4.71558497e-17,-2.064441553e-17,949.2764117,-9497.880107,28476.49186,-379.7100804,1.004215723e-12,3.578616896e-17,-189.7556088,-2187.160128,-17649.46856,-7384.033163,-3568.489465,-5636.484205,13372.67089,-1022.112408,-16178.64994,-25128.42357
0.1,-4.044302343e-24,1.351462934e-24,0.03490658504,-0.3672701565,1.040893171,-0.01396280034,-4.800628687e-16,3.332801957e-25,-0.006628090989,-1.643789485e-20,6.464726152e-21,0.09888061486,-1.35250186,2.838101932,-0.03950935237,-2.469550476e-14,-1.07602692e-20,-0.01268290755,-5.119291365e-17,2.21452351e-17,-1000.80856,10005.69247,-30025.23039,400.3262436,-2.768403201e-12,-3.837784655e-17,200.2103807,2245.613553,18571.39373,7770.378884,3742.994914,5935.092076,-14105.98022,1092.019995,17062.63051,25133.24201
0.11,-3.995968522e-24,1.894052103e-24,0.03839724354,-0.4059905986,1.144263437,-0.01535853846,-8.238253396e-16,5.441945985e-26,-0.007251781522,1.569641397e-20,-6.039759256e-21,0.5857951773,-6.257030943,17.43227248,-0.2342559035,-4.405926298e-14,1.015642792e-20,-0.1093639464,5.489078397e-17,-2.344894494e-17,1041.817301,-10422.72953,31252.87978,-416.7258126,-1.179343605e-12,4.049276391e-17,-208.2741626,-2245.714599,-19278.05773,-8055.935506,-3864.194342,-6172.037916,14694.76329,-1140.19765,-17765.51158,-24589.95436
0.12,1.490164519e-24,-4.333291639e-25,0.04188790205,-0.4450716343,1.247497913,-0.016754069,-1.307860158e-15,2.242283631e-25,-0.007868310615,-1.383656086e-20,5.258454065e-21,0.1256031027,-1.691835832,3.612622824,-0.0501568467,-5.277255318e-14,-9.576911342e-21,-0.01659531653,-5.776605246e-17,2.439085344e-17,-1072.964416,10726.74488,-32190.10553,429.1890327,-5.04398742e-13,-4.216227481e-17,214.6517203,2246.521347,19814.43633,8280.37073,3958.654384,6348.884742,-15141.95163,1189.02279,18302.52492,23875.02389
0.13,-3.678232809e-24,-3.016659563e-24,0.04537856055,-0.4845127876,1.350595342,-0.01814936525,-1.822518694e-15,8.371500197e-25,-0.008477666922,1.204662945e-20,-5.464258809e-21,0.5595480414,-6.066597787,16.61744317,-0.2237101792,-5.016740236e-14,9.161435804e-21,-0.1026796655,5.963732288e-17,-2.511129296e-17,1094.977322,-10953.84244,32847.81629,-437.9891971,9.787142956e-13,4.344872941e-17,-218.9151436,-2197.403753,-20164.39215,-8416.346561,-4006.774473,-6472.6692,15463.59237,-1217.078514,-18681.87582,-22742.30643
0.14,-8.488420753e-24,1.31820545e-24,0.04886921906,-0.5243135777,1.453554467,-0.01954440071,-2.269178217e-15,1.47155931e-24,-0.009079839377,-1.227064738e-20,6.023915774e-21,0.1512027322,-2.019740841,4.352958116,-0.06034455109,-3.917883602e-14,-8.507734762e-21,-0.02027884415,-6.095812416e-17,2.589232773e-17,-1108.620052,11082.87298,-33259.94685,443.4517224,1.258729681e-12,-4.436281613e-17,221.7914927,2155.353751,20373.58951,8503.836883,4034.790079,6545.581013,-15664.25958,1247.002256,18920.52616,21540.13444
0.15,-7.41420954e-25,-3.45424883e-24,0.05235987756,-0.5644735198,1.556374035,-0.02093914903,-2.616968951e-15,3.048635283e-25,-0.009674817186,1.309807654e-20,-6.669022687e-21,0.5347288884,-5.890258331,15.84494892,-0.2137250783,-3.036226371e-14,7.762860861e-21,-0.09627647593,6.22886839e-17,-2.68316293e-17,1114.670306,-11150.36517,33438.71379,-445.8657721,4.807518896e-13,4.486458811e-17,-222.8611664,-2071.075915,-20427.43571,-8516.057727,-4023.634252,-6574.841739,15760.63622,-1257.411537,-19027.60775,-20034.19087
0.16,8.380135119e-24,-1.570972243e-24,0.05585053606,-0.6049921245,1.659052792,-0.02233358404,-2.891693129e-15,5.268588227e-25,-0.01026258983,-1.056642248e-20,6.729831373e-21,0.1751415077,-2.330837202,5.042968009,-0.06985740986,-2.45887452e-14,-7.226017701e-21,-0.0236260389,-6.310957797e-17,2.783445498e-17,-1113.901567,11135.34097,-33418.5365,445.5647579,6.865776303e-13,-4.500373944e-17,222.8548601,1999.560248,20370.68385,8492.627998,3998.932355,6562.717021,-15757.63109,1271.089587,19020.2516,18543.78891
0.17,7.07023471e-25,-4.36615854e-24,0.05934119457,-0.645868898,1.761589487,-0.02372767975,-3.042575364e-15,-1.711415374e-24,-0.01084314708,8.352464004e-21,-6.965278592e-21,0.5117426065,-5.732054772,15.12693881,-0.2044626981,-5.615785698e-15,6.3082311e-21,-0.09023563683,6.284561209e-17,-2.882124042e-17,1107.069407,-11074.0287,33210.7674,-442.8248042,3.088325054e-12,4.477204842e-17,-221.3468773,-1892.401184,-20188.80507,-8406.692772,-3941.814881,-6516.186978,15671.53727,-1266.618086,-18907.25722,-16843.55218
0.18,3.285982225e-25,-1.611072848e-24,0.06283185307,-0.6871033424,1.86398287,-0.02512141037,-2.999335552e-15,-1.717994365e-24,-0.01141647894,-7.790336366e-21,7.184555063e-21,0.197126407,-2.622193866,5.673862315,-0.07857835778,1.428415945e-14,-5.864535433e-21,-0.02657846472,-6.193068676e-17,2.982516859e-17,-1094.901243,10945.06813,-32848.64427,437.9650543,9.278124003e-13,-4.42141606e-17,219.0603493,1802.78652,19924.76916,8297.161785,3877.175151,6437.26842,-15506.80942,1266.846502,18704.99584,15224.79825
0.19,-1.738696001e-24,-4.657262478e-25,0.06632251158,-0.7286949552,1.966231695,-0.02651475026,-2.812738068e-15,-1.300880018e-24,-0.01198257575,6.78356874e-21,-6.616880467e-21,0.490788676,-5.593976198,14.46939939,-0.1960029739,2.30467271e-14,5.528648396e-21,-0.08459730639,6.064850475e-17,-3.068728952e-17,1078.08894,-10783.97047,32341.4086,-431.2320213,7.887394065e-13,4.347115823e-17,-215.5552511,-1682.883743,-19563.23223,-8136.740107,-3786.138286,-6332.459974,15278.75531,-1250.279221,-18421.20062,-13469.87224
0.2,1.013745008e-24,2.881922147e-24,0.06981317008,-0.7706432296,2.068334715,-0.02790767399,-2.565100528e-15,-6.456270191e-25,-0.01254142806,-5.685007312e-21,6.94372457e-21,0.2170357134,-2.892592023,6.241990305,-0.08645885268,2.648490502e-14,-5.003206472e-21,-0.0291119617,-5.893122807e-17,3.143217045e-17,-1057.283715,10568.69357,-31720.21183,422.918468,-7.149928893e-14,-4.254884752e-17,211.5410301,1584.335375,19144.98629,7963.473838,3692.840599,6203.357562,-14990.9414,1239.778244,18070.98363,11844.06044
0.21,5.075439828e-24,-2.622222797e-24,0.07330382858,-0.8129476545,2.170290686,-0.02930015628,-2.31466813e-15,-1.118169512e-24,-0.01309302673,5.993149823e-21,-7.696462749e-21,0.4719246082,-5.476592722,13.87405792,-0.1883690545,2.361404811e-14,4.539117579e-21,-0.07937323448,5.707710432e-17,-3.232719682e-17,1033.092912,-10333.82219,30991.56059,-413.2330281,-5.261433077e-13,4.144118956e-17,-206.559253,-1459.662538,-18653.40347,-7749.433228,-3578.290256,-6055.862613,14657.38587,-1213.749311,-17660.63307,-10137.22092
0.22,1.124903578e-24,-1.516006187e-24,0.07679448709,-0.8556077145,2.272098366,-0.03069217205,-2.03526458e-15,1.448823448e-24,-0.01363736289,-6.314982026e-21,7.560986851e-21,0.2348644973,-3.141980136,6.747205103,-0.0934970682,3.222778074e-14,-3.682014918e-21,-0.03122573821,-5.539841186e-17,3.328114895e-17,-1006.078273,10056.50112,-30184.12111,402.436716,2.250499107e-12,-4.009985746e-17,201.3029374,1359.229637,18127.00661,7531.771581,3465.898208,5891.07862,-14280.57001,1195.032219,17203.78715,8590.916064
0.23,5.257702547e-24,1.099239719e-24,0.08028514559,-0.8986228896,2.373756514,-0.03208369641,-1.700019321e-15,-1.971469637e-25,-0.01417442793,6.69899808e-21,-6.675245965e-21,0.4551126922,-5.379522768,13.33978482,-0.1815460007,3.486771828e-14,3.037139878e-21,-0.07455611557,5.392880979e-17,-3.396723534e-17,976.7553888,-9770.315077,29301.44864,-390.6974512,-1.6915352e-12,3.850611938e-17,-195.2938796,-1235.764513,-17547.68686,-7281.845039,-3336.504878,-5714.274626,13873.10967,-1161.926425,-16705.14485,-7002.876753
0.24,-9.586798794e-24,-8.440000084e-25,0.0837758041,-0.9419926558,2.475263892,-0.03347470464,-1.360930868e-15,8.688659972e-26,-0.01470421351,-9.237092088e-21,5.925729275e-21,0.2506846312,-3.371074257,7.191664072,-0.09972189965,3.292386037e-14,-2.693579223e-21,-0.03293437063,-5.311899655e-17,3.426743327e-17,-945.5940791,9451.572824,-28369.65027,378.2434634,1.247312448e-12,-3.67795258e-17,189.2080896,1138.604633,16951.78938,7035.959425,3212.857543,5526.053957,-13436.35734,1137.228404,16176.83811,5593.243442
0.25,-2.872702019e-26,1.74318307e-24,0.0872664626,-0.9857164847,2.576619263,-0.03486517221,-1.02832378e-15,-3.565499354e-25,-0.01522671156,1.071002567e-20,-5.057053657e-21,0.4402541031,-5.301774005,12.86361701,-0.1754944289,3.36120987e-14,2.345765133e-21,-0.07012641304,5.318068687e-17,-3.41953915e-17,913.0194799,-9132.870723,27389.36936,-365.2025351,-1.044310484e-12,3.499449634e-17,-182.5479377,-1020.590276,-16319.70137,-6764.751292,-3075.617173,-5331.067971,12981.53518,-1099.132784,-15621.98119,-4168.257413
0.26,-1.461880831e-24,-1.76271757e-25,0.0907571211,-1.029793843,2.677821392,-0.03625507477,-7.592963664e-16,-1.852247846e-25,-0.0157419143,-1.05382872e-20,4.337754698e-21,0.2646157831,-3.581068083,7.578958562,-0.1051813612,2.021690925e-14,-2.078013702e-21,-0.03426199942,-5.355451054e-17,3.37716888e-17,-879.413662,8789.724679,-26384.2784,351.7717216,-1.69013245e-12,-3.31784506e-17,175.9731729,930.2542956,15685.78349,6503.764695,2946.942083,5129.450442,-12508.91776,1070.381138,15051.27825,2928.746634
0.27,2.826081841e-25,4.928415605e-25,0.09424777961,-1.074224195,2.778869046,-0.03764438815,-5.912718401e-16,-2.916985121e-26,-0.0162498142,1.041036739e-20,-3.888248842e-21,0.4272134869,-5.241989091,12.44149547,-0.1701603443,1.335258374e-14,1.899156876e-21,-0.06605727808,5.390061545e-17,-3.309707691e-17,845.1176348,-8453.804654,25352.29933,-338.0412592,3.447356569e-13,3.137461275e-17,-168.9680909,-820.4922807,-15029.00135,-6222.955714,-2807.325879,-4925.278562,12028.41454,-1029.07049,-14466.35224,-1690.194009
0.28,9.584283711e-25,2.875686634e-25,0.09773843811,-1.119006998,2.879760993,-0.03903308837,-4.33436599e-16,-9.260349989e-26,-0.01675040399,-9.786087565e-21,3.552376468e-21,0.2768046593,-3.773425478,7.91349118,-0.109934283,1.821374438e-14,-1.722743419e-21,-0.03523817597,-5.411358833e-17,3.226538027e-17,-810.4336163,8099.914073,-24314.90629,324.1801282,6.159580148e-13,-2.96079642e-17,162.1776723,739.2212485,14381.97237,5957.210445,2678.415145,4718.268178,-11539.32707,997.8823871,13876.62015,635.9466708
0.29,1.057843743e-25,1.875493622e-25,0.1012290966,-1.164141707,2.980496004,-0.04042115164,-2.698954247e-16,-1.342039633e-25,-0.01724367668,9.121602515e-21,-3.297901504e-21,0.4158364089,-5.198620079,12.06878871,-0.1654821209,1.451652301e-14,1.544077258e-21,-0.06231804093,5.407787268e-17,-3.133126361e-17,775.6274709,-7758.884955,23267.56985,-310.2446701,-1.336371678e-12,2.788281302e-17,-155.0700195,-639.3603534,-13722.3811,-5675.868144,-2540.561476,-4511.980474,11050.3721,-954.8268884,-13282.3551,408.556786
0.3,-1.775172749e-25,-2.211742698e-25,0.1047197551,-1.209627772,3.081072852,-0.04180855436,-2.115174016e-16,1.386305415e-25,-0.01772962555,-8.686374284e-21,2.961104286e-21,0.2874104099,-3.949734597,8.200037927,-0.1140444735,-2.824559112e-15,-1.336204888e-21,-0.0358949422,-5.382931871e-17,3.030808785e-17,-740.9312397,7404.906395,-22229.85548,296.3796016,-2.151128125e-12,-2.619521807e-17,148.2771941,568.3660864,13081.35671,5413.264738,2414.973334,4305.774469,-10560.00958,922.5245791,12691.85671,-1275.919873
0.31,1.498095549e-25,-2.543141939e-25,0.1082104136,-1.255464638,3.181490311,-0.04319527309,-2.901672413e-16,9.512308444e-26,-0.01820824412,8.266524161e-21,-2.731307779e-21,0.4059614909,-5.170049724,11.74065692,-0.1613953555,-1.293676954e-14,1.189849255e-21,-0.05887663927,5.341942646e-17,-2.921232977e-17,706.5456991,-7068.071673,21195.08467,-282.6114516,1.279074806e-13,2.455257801e-17,-141.2532021,-479.1661235,-12435.46959,-5138.197385,-2281.891857,-4102.758819,10075.90014,-878.9109724,-12104.21062,2130.112402
0.32,-1.042242939e-25,3.641371457e-26,0.1117010721,-1.301651747,3.281747158,-0.0445812846,-4.110742091e-16,-1.529627107e-26,-0.01867952622,-7.841596789e-21,2.570507651e-21,0.2965946043,-4.111607691,8.443447432,-0.117576709,-1.124881112e-14,-1.088457814e-21,-0.03626482454,-5.285542705e-17,2.808883574e-17,-672.6429015,6722.058806,-20181.21927,269.0646891,2.207108682e-13,-2.297594443e-17,134.6191387,418.8809065,11814.6084,4884.555106,2162.154093,3901.998861,-9595.80217,846.5472768,11526.77672,-2818.448312
0.33,2.768039217e-25,-2.125531437e-25,0.1151917306,-1.348188537,3.381842171,-0.04596656585,-5.919518892e-16,8.581803289e-27,-0.0191434659,7.453978312e-21,-2.417270801e-21,0.3974286245,-5.15467358,11.45229838,-0.1578361536,-2.488492911e-14,9.82377117e-22,-0.05570126176,5.215044869e-17,-2.696056917e-17,639.3686588,-6396.322199,19179.73602,-255.740139,-2.940384963e-12,2.14719999e-17,-127.8170227,-340.4420449,-11194.40219,-4620.670055,-2035.923885,-3706.213671,9126.459001,-803.3075475,-10957.61868,3493.776419
0.34,-1.370705891e-25,1.148851626e-25,0.1186823891,-1.39507444,3.48177413,-0.04735109396,-9.54982329e-16,1.319521724e-26,-0.01960005748,-7.08649947e-21,2.294092038e-21,0.3045145663,-4.260614498,8.648441008,-0.1205940684,-4.773190866e-14,-8.818512973e-22,-0.03637950026,-5.132351061e-17,2.584075698e-17,-606.8449429,6064.129232,-18207.28978,242.7459264,-1.655772824e-12,-2.003857064e-17,121.4588804,290.7313786,10603.72753,4380.07835,1923.725244,3514.235531,-8665.064658,771.6965485,10403.32893,-4017.141141
0.35,-1.082528572e-25,-1.123880971e-25,0.1221730476,-1.442308885,3.581541819,-0.04873484626,-1.433272643e-15,-4.776398747e-27,-0.02004929557,6.656885018e-21,-2.16383605e-21,0.3900843148,-5.150953398,11.19910977,-0.1547432665,-4.797410544e-14,7.887665991e-22,-0.05276141719,5.037411718e-17,-2.473800304e-17,575.1721801,-5754.389846,17253.80052,-230.0610638,1.61728257e-12,1.867519123e-17,-114.9767436,-222.6859792,-10017.43807,-4130.721239,-1805.676665,-3328.452864,8217.577436,-729.5398992,-9861.10703,4529.855085
0.36,8.014377802e-26,1.816167559e-25,0.1256637061,-1.489891296,3.68114402,-0.05011780026,-1.878119071e-15,-5.275637661e-26,-0.02049117501,-6.200089269e-21,2.058639675e-21,0.3113191547,-4.398240073,8.819486062,-0.1231562446,-4.097451236e-14,-7.179547489e-22,-0.03626895296,-4.929254086e-17,2.365850354e-17,-544.4314273,5440.053794,-16334.89043,217.7809383,-2.002428188e-13,-1.738422148e-17,108.975319,183.0236434,9463.601449,3905.864432,1702.038876,3147.520411,-7780.754672,699.2893823,9336.93706,-4905.936135
0.37,-9.91956018e-26,-2.943823915e-26,0.1291543646,-1.537821094,3.780579521,-0.05149993366,-2.311180103e-15,-6.540227355e-26,-0.02092569091,5.76273167e-21,-1.947467902e-21,0.3837849466,-5.157449773,10.97678419,-0.1520593976,-4.562522633e-14,6.431459794e-22,-0.05002858821,4.808560065e-17,-2.260752543e-17,514.6864194,-5149.572124,15439.18422,-205.8662877,-7.48425122e-13,1.616533779e-17,-102.8784742,-124.6916393,-8916.447743,-3673.126315,-1592.914144,-2973.548985,7359.890285,-658.734678,-8827.298566,5274.855048
0.38,-4.359007046e-26,-2.390668974e-26,0.1326450232,-1.586097695,3.87984711,-0.05288122434,-2.80479212e-15,-8.65478639e-27,-0.02135283864,-5.368714704e-21,1.80496225e-21,0.3171463008,-4.525860187,8.960722201,-0.12531856,-5.31001917e-14,-5.668406057e-22,-0.03596097957,-4.677426945e-17,2.15781738e-17,-485.9854834,4855.660151,-14581.51632,194.4029757,-7.357785095e-13,-1.501319217e-17,97.28515032,94.29939443,8403.411472,3465.572538,1498.341418,2805.064929,-6951.419507,630.2780388,8337.709297,-5523.030438
0.39,-6.631906836e-27,-5.210740042e-27,0.1361356817,-1.63472051,3.978945578,-0.05426165037,-3.356896766e-15,-2.630198347e-27,-0.02177261383,5.012227262e-21,-1.666859862e-21,0.3783985717,-5.172839995,10.78136475,-0.1497319175,-5.732643937e-14,5.097314712e-22,-0.04747658894,4.538282494e-17,-2.056505376e-17,458.3633165,-4586.3852,13749.44642,-183.3365864,-1.202027196e-13,1.392693538e-17,-91.61266466,-44.81045079,-7898.23325,-3250.559127,-1398.43225,-2643.94781,6560.078569,-591.6849101,-7864.056093,5767.883876
0.4,1.708487041e-26,1.468556303e-26,0.1396263402,-1.683688947,4.077873716,-0.05564119001,-3.944319093e-15,2.255918747e-26,-0.02218501236,-4.66264992e-21,1.545317037e-21,0.3221217871,-4.644729121,9.075924592,-0.1271314775,-6.015690838e-14,-4.523775034e-22,-0.03548094579,-4.39276198e-17,1.957199673e-17,-431.8426296,4314.300628,-12957.23396,172.7462455,-4.336411705e-13,-1.290590363e-17,86.4555332,22.76628626,7427.863293,3061.010204,1313.037802,2488.637933,-6182.080634,565.3111083,7411.513889,-5907.809832
0.41,-1.162502811e-26,1.226982935e-26,0.1431169987,-1.73300241,4.17663032,-0.05701982171,-4.581268607e-15,4.717690161e-27,-0.02259003036,4.33096841e-21,-1.428682865e-21,0.37380566,-5.19592555,10.60926715,-0.1477131639,-6.722328275e-14,4.01905722e-22,-0.04508171532,4.242028701e-17,-1.860265056e-17,406.4356583,-4067.154429,12191.57156,-162.5650739,-9.873929066e-13,1.194694865e-17,-81.22592068,18.84698531,-6965.668001,-2864.071936,-1222.300569,-2340.823219,5821.696258,-528.9086244,-6975.486502,6048.057446
0.42,1.919473051e-26,-7.627660482e-27,0.1466076572,-1.782660297,4.275214187,-0.0583975241,-5.291296044e-15,2.210751813e-27,-0.02298766424,-4.017484808e-21,1.315562666e-21,0.3263588844,-4.755976051,9.168493077,-0.1286404555,-7.478881539e-14,-3.603860583e-22,-0.03485171328,-4.087388835e-17,1.765779008e-17,-382.1455452,3817.399817,-11466.32447,152.8678187,-5.24932821e-13,-1.104878522e-17,76.51504588,-33.52751852,6538.236876,2692.574519,1145.911317,2198.893654,-5475.001936,504.7893758,6560.911155,-6098.687617
0.43,1.284102621e-26,2.398768629e-26,0.1500983157,-1.832662003,4.373624114,-0.05977427601,-6.061230805e-15,2.901094638e-27,-0.02337791064,3.72709807e-21,-1.207685862e-21,0.3698991434,-5.225632555,10.45728096,-0.1459604599,-7.920068915e-14,3.228841224e-22,-0.04282275408,3.930167901e-17,-1.673803728e-17,358.9675992,-3592.519446,10767.48493,-143.5774116,-3.566024667e-13,1.020960845e-17,-71.73110976,68.26072131,-6118.658885,-2513.498952,-1064.061375,-2064.378668,5145.880278,-470.7017132,-6162.801132,6152.723081
0.44,-1.295188004e-26,-2.256668698e-27,0.1535889742,-1.883006919,4.471858903,-0.06115005645,-6.844138184e-15,2.001328034e-27,-0.02376076645,-3.46078564e-21,1.108098921e-21,0.3299585654,-4.860607191,9.241458578,-0.1298860333,-7.739430518e-14,-2.893467262e-22,-0.03409368221,-3.771721937e-17,1.584479309e-17,-336.8904381,3364.918151,-10108.67463,134.7661782,7.129566419e-13,-9.426691094e-18,67.46296166,-76.56550891,5733.263688,2359.619348,996.3028344,1935.647463,-4830.34262,448.9155381,5785.943756,-6131.669471
0.45,5.747875606e-28,-2.857990722e-27,0.1570796327,-1.933694433,4.569917357,-0.0625248446,6.623672342e-15,-2.110593606e-27,-0.02413622883,3.20899773e-21,-1.020710938e-21,0.366583996,-5.261007552,10.32255704,-0.144435945,2.763850966e-12,2.583223273e-22,-0.04068089866,3.613147688e-17,-1.498069243e-17,315.8970192,-3161.857643,9475.323387,-126.3487511,5.648455959e-10,8.697108376e-18,-63.11583479,105.3935729,-5354.942432,-2197.788987,-922.8902785,-1814.098245,4531.948079,-417.184427,-5425.038284,6116.324384
0.46,9.051334527e-28,-7.561238603e-27,0.1605702912,-1.984723925,4.667798281,-0.06389861987,5.549869548e-15,1.089632909e-27,-0.02450429516,-2.970709086e-21,9.386841501e-22,0.3330100891,-4.959511637,9.297500624,-0.1309040645,-2.951414609e-12,-2.306349715e-22,-0.03322490793,-3.455245698e-17,1.414762921e-17,-295.965567,2955.737024,-8880.932587,118.396627,-1.692442362e-09,-8.017940217e-18,59.27695518,-108.2729734,5009.845919,2060.755257,863.2540864,1698.103425,-4246.701669,397.7374646,5084.794277,-6039.481211
0.47,-1.961259046e-27,-7.036544288e-27,0.1640609497,-2.036094774,4.765500483,-0.06527136181,5.622058814e-15,4.807961349e-28,-0.02486496311,2.747469698e-21,-8.635105083e-22,0.3637765228,-5.301210393,10.20258622,-0.1431062913,2.914809621e-12,2.062972373e-22,-0.03863960703,3.298748991e-17,-1.334628129e-17,277.0704037,-2773.632877,8310.481824,-110.8176862,2.822045387e-09,7.386582956e-18,-55.34941186,132.1171827,-4670.731695,-1915.274686,-797.7234231,-1588.952036,3977.891542,-368.3414268,-4759.659108,5969.756401
0.48,4.030877796e-27,1.202477703e-27,0.1675516082,-2.087806355,4.863022772,-0.06664305019,4.077487238e-15,-4.620188503e-28,-0.02521823056,-2.538438588e-21,7.957131763e-22,0.3355918068,-5.053469434,9.338971532,-0.1317260395,-3.152494947e-12,-1.848071185e-22,-0.03226126216,-3.144333947e-17,1.257760261e-17,-259.1826892,2587.973183,-7777.451337,103.6838678,-3.949765365e-09,-6.800494528e-18,51.91939371,-130.4572755,4363.635644,1794.090069,745.6199883,1485.038829,-3721.563985,351.1851147,4454.322897,-5851.120222
0.49,1.624589255e-27,3.376295384e-27,0.1710422667,-2.139858037,4.96036396,-0.06801366496,4.673102717e-15,-2.972241059e-28,-0.02556409566,2.344226679e-21,-7.310759271e-22,0.3614034843,-5.345505487,10.09517299,-0.1419423528,3.182872091e-12,1.654326634e-22,-0.0366844266,2.992607958e-17,-1.184170325e-17,242.2710781,-2425.677734,7266.460217,-96.89754659,5.078881454e-09,6.257051399e-18,-48.38851865,150.1646817,-4061.232502,-1663.886512,-687.3561923,-1387.561204,3480.778274,-324.0556611,-4163.030703,5740.084005
0.5,1.148013829e-27,2.186266201e-28,0.1745329252,-2.192249186,5.05752286,-0.06938318625,2.806156369e-15,1.509484466e-28,-0.02590255679,-2.163956458e-21,6.711301126e-22,0.3377720847,-5.143160798,9.367924089,-0.1323794548,-3.451912753e-12,-1.479690032e-22,-0.03121661738,-2.8441146e-17,1.113807663e-17,-226.3023005,2259.231055,-6791.04592,90.53209844,-6.208300903e-09,-5.753612809e-18,45.34238659,-144.7714352,3789.492842,1557.418303,642.1548948,1294.951235,-3251.65982,309.101495,3890.499605,-5591.715385
0.51,-1.032045924e-22,-5.341856751e-23,0.1780235837,-2.244979164,5.154498289,-0.07075159438,3.631261033e-15,-3.571750106e-23,-0.02623361257,-1.859332417e-20,-1.12734205e-20,0.3594011452,-5.393252281,9.998407033,-0.140918785,3.498413107e-12,-6.993255448e-21,-0.03480280379,2.289469001e-17,-1.258782887e-17,211.2416719,-2115.418099,6335.537583,-84.48538388,7.335892016e-09,3.86932262e-18,-42.18168868,161.1036645,-3521.047924,-1441.31966,-590.5181682,-1208.328399,3037.072158,-284.1365344,-3630.811133,5450.519844
0.52,2.731529464e-22,1.516330649e-22,0.1815142422,-2.298047328,5.251289066,-0.07211886985,1.447982286e-15,1.666894432e-23,-0.02655726188,9.363639015e-20,5.202920821e-20,0.33961027,-5.22917578,9.386140522,-0.1328881986,-3.803403969e-12,1.739040975e-20,-0.03010303997,1.543099553e-18,2.42754304e-17,-197.05354,1966.801728,-5913.590596,78.83297441,-8.464958301e-09,1.439792556e-18,39.49176738,-152.6952758,3281.840739,1348.36747,551.5773155,1126.173573,-2833.249382,271.2681881,3388.745626,-5282.602822
0.53,9.096687772e-25,7.483800922e-23,0.1850049007,-2.351453032,5.34789401,-0.07348499337,2.414698422e-15,2.504045647e-23,-0.02687350383,-1.470157011e-19,-6.672587914e-20,0.3577143063,-5.443895587,9.910634121,-0.1400136577,3.852672879e-12,-1.550767304e-20,-0.03298389051,-5.097302099e-17,-4.680240206e-17,183.7016722,-1840.048636,5509.298592,-73.46899258,9.593225356e-09,-8.298896796e-18,-36.67282311,166.32426,-3044.488834,-1245.161584,-505.9286333,-1049.53883,2642.884871,-248.342946,-3158.25079,5120.579426
0.54,1.076134884e-22,6.760852307e-23,0.1884955592,-2.405195624,5.444311945,-0.07484994581,2.342601102e-17,-1.493235924e-23,-0.02718233778,1.661029086e-19,6.411823984e-20,0.3411576498,-5.312023857,9.395161281,-0.133272935,-4.174988158e-12,7.205002048e-21,-0.02893098199,1.135035934e-16,7.117643337e-17,-171.1495916,1707.816914,-5136.480917,68.47176906,-1.072209894e-08,1.289668472e-17,34.31017528,-155.529418,2834.935654,1164.508563,472.6171348,976.9624447,-2462.344029,237.4260581,2944.198104,-4941.544637
0.55,4.729069487e-23,-3.208352899e-23,0.1919862177,-2.45927445,5.540541696,-0.07621370824,1.112641351e-15,-2.782457325e-23,-0.0274837633,-1.74704248e-19,-8.2420996e-20,0.3562953621,-5.496956151,9.830427863,-0.1392080775,4.225421618e-12,-9.435394956e-21,-0.03121835547,-1.794088154e-16,-9.780595669e-17,159.3608645,-1596.667144,4779.036826,-63.73228674,1.185031559e-08,-1.602515179e-17,-31.80387991,167.0380523,-2625.806909,-1072.987125,-432.3364004,-909.4369773,2294.169395,-216.4018184,-2740.423622,4766.349405
0.56,7.53479971e-23,-4.831834737e-23,0.1954768762,-2.513688852,5.63658209,-0.0775762619,-1.446212047e-15,5.089901904e-24,-0.02777778024,1.757795911e-19,7.708290585e-20,0.3424583718,-5.392143134,9.396312648,-0.1335514718,-4.55860148e-12,1.563200449e-20,-0.02770946523,2.444352469e-16,1.258800689e-16,-148.2993457,1479.36552,-4450.983582,59.33203836,-1.297896127e-08,2.057993313e-17,29.73938823,-154.3983362,2443.066744,1003.437344,404.0488536,845.5643357,-2134.87459,207.2917575,2551.910926,-4583.034898
0.57,-6.167695293e-23,-1.045417033e-22,0.1989675347,-2.568438165,5.732431958,-0.07893758825,-2.208504863e-16,-2.852591261e-23,-0.02806438864,-1.976980463e-19,-8.582670646e-20,0.3551034074,-5.552021727,9.756562913,-0.138485831,4.614095961e-12,-2.188560543e-20,-0.02949820554,-3.107588639e-16,-1.532730312e-16,137.9293848,-1382.375039,4136.056333,-55.15932049,1.410825363e-08,-2.73454044e-17,-27.5168849,164.2844915,-2259.364529,-922.4273779,-368.5472217,-786.283335,1986.865518,-188.0227317,-2372.400437,4400.820764
0.58,9.52719122e-23,2.682738031e-23,0.2024581932,-2.623521723,5.82809013,-0.08029766889,-2.864999753e-15,-1.723683163e-23,-0.02834358881,2.226567837e-19,1.091789781e-19,0.3435503054,-5.469908958,9.390732583,-0.1337391053,-4.942517417e-12,2.355538375e-20,-0.0264462535,3.827664337e-16,1.855435859e-16,-128.2159993,1278.579614,-3848.494454,51.29906095,-1.523665912e-08,3.536746864e-17,25.72204367,-150.2595017,2100.699171,862.8321153,344.7138427,730.263862,-1846.816263,180.5706383,2207.003205,-4218.651303
0.59,2.078777557e-23,-6.310613698e-23,0.2059488517,-2.678938856,5.923555443,-0.08165648564,-1.50145629e-15,1.478288983e-23,-0.02861538127,-2.301591368e-19,-1.23728158e-19,0.3541034102,-5.6087388,9.687990139,-0.1378330534,5.004110437e-12,-1.646122934e-20,-0.02781662021,-4.572188675e-16,-2.236510432e-16,119.1250159,-1194.350284,3571.890542,-47.63720675,1.636498008e-08,-4.192553679e-17,-23.75539179,158.9421705,-1939.754118,-791.2176102,-313.4415183,-678.3950542,1717.006175,-162.9092531,-2049.375081,4034.251349
0.6,4.864260871e-23,3.165967177e-23,0.2094395102,-2.734688886,6.018826732,-0.08301402049,-4.270343678e-15,2.456081285e-24,-0.02887976678,2.274623025e-19,1.38657228e-19,0.3444658343,-5.545641841,9.379394482,-0.1338489367,-5.336140444e-12,1.326233869e-20,-0.02514801095,5.282918154e-16,2.656661335e-16,-110.6231862,1102.695698,-3320.722485,44.26229026,-1.749363811e-08,4.602850053e-17,22.20286518,-143.9163224,1802.572273,740.4928975,293.534109,629.4176254,-1594.278323,156.966635,1904.765469,-3857.422386
0.61,-1.12482383e-23,-3.698559404e-23,0.2129301687,-2.790771136,6.113902837,-0.08437025562,-2.811602669e-15,5.628891483e-24,-0.02913674634,-2.304529121e-19,-1.477532548e-19,0.353265456,-5.666805037,9.623813972,-0.1372379266,5.395566862e-12,-1.189641782e-20,-0.02616780044,-5.949116154e-16,-3.10242737e-16,102.6782776,-1029.898268,3078.454981,-41.05815335,1.862198032e-08,-4.88460196e-17,-20.46550065,151.7429791,-1661.877598,-677.2287232,-265.9847004,-584.1737701,1480.792308,-140.7675005,-1766.752784,3674.532473
0.62,1.626985228e-23,2.299964571e-23,0.2164208272,-2.847184922,6.208782598,-0.08572517338,-5.710279179e-15,1.337240832e-23,-0.02938632116,2.263882641e-19,1.545243489e-19,0.3452325733,-5.619614628,9.363128707,-0.1338921592,-5.732445884e-12,1.272829819e-20,-0.02382044561,6.567617182e-16,3.555169015e-16,-95.25914365,949.0963543,-2859.814712,38.11702108,-1.975081588e-08,5.122784469e-17,19.12949615,-136.0331614,1543.76251,634.3661023,249.5196281,541.4767111,-1373.565761,136.1896308,1640.732156,-3506.189328
0.63,-1.805298556e-23,-3.807409262e-24,0.2199114858,-2.903929556,6.303464861,-0.08707875632,-4.14890249e-15,9.770602041e-24,-0.02962849269,-2.232352511e-19,-1.541240828e-19,0.3525640686,-5.72596249,9.563272001,-0.136690407,5.791351826e-12,-1.274282069e-20,-0.02454683263,-7.126774802e-16,-3.994080675e-16,88.33577603,-886.4852777,2648.147748,-35.32080254,2.087991938e-08,-5.34926507e-17,-17.59652813,143.2876578,-1420.994864,-578.4859925,-225.2319312,-502.1234001,1274.642777,-121.3124252,-1520.208626,3327.542419
0.64,2.690861682e-24,1.060594397e-23,0.2234021443,-2.961004347,6.397948472,-0.08843098716,7.082256893e-15,-4.294529214e-24,-0.02986326259,2.170442172e-19,1.508047511e-19,0.3458740121,-5.692058935,9.342641876,-0.1338783152,-3.288373488e-12,9.23947031e-21,-0.02246843792,7.623895211e-16,4.397929678e-16,-81.87934057,815.3365052,-2458.435113,32.7654409,-2.144392998e-08,5.481209103e-17,16.45302583,-127.1511741,1319.719308,542.5581079,211.7709078,465.0003598,-1181.218832,117.9607634,1410.727687,-3169.948447
0.65,-8.082414355e-24,-5.668847974e-24,0.2268928028,-3.0184086,6.492232278,-0.08978184881,-5.821447647e-15,3.392250835e-24,-0.03009063277,-2.086581749e-19,-1.475271093e-19,0.3519776026,-5.785991527,9.505716778,-0.1361819827,4.676204844e-13,-7.047367878e-21,-0.02294956724,-8.050859416e-16,-4.760794111e-16,75.86219951,-761.7584388,2273.909406,-30.33102954,2.08796195e-08,-5.478901576e-17,-15.10140702,134.0616871,-1212.748662,-493.1781715,-190.3288238,-430.8602141,1095.224802,-104.2722399,-1305.722719,2997.475781
0.66,-1.708230713e-23,-5.523022537e-24,0.2303834613,-3.076141615,6.586315132,-0.09113132436,6.406228019e-15,-1.274761057e-24,-0.03031060534,1.962435361e-19,1.407976617e-19,0.3464100855,-5.763170848,9.318533984,-0.1338155247,2.177338666e-12,5.511637335e-21,-0.02109615491,8.398275958e-16,5.076517684e-16,-70.25792183,699.1578468,-2109.807944,28.11720763,-1.91867318e-08,5.387072985e-17,14.12827844,-117.7040759,1126.280459,463.3405092,179.4781113,398.6629083,-1014.035534,102.0160683,1210.89215,-2852.165867
0.67,1.814375791e-24,-3.201320258e-24,0.2338741198,-3.134202689,6.680195887,-0.09247939708,6.153656259e-15,1.433660853e-24,-0.03052318263,-1.819088378e-19,-1.33452102e-19,0.351487708,-5.846705476,9.450599737,-0.1357054592,-2.373600637e-12,-4.425971471e-21,-0.02137251152,-8.657986431e-16,-5.338352479e-16,65.04128339,-653.5553557,1949.251925,-26.00232836,1.692952905e-08,-5.233557569e-17,-12.93687932,124.4507744,-1033.171856,-419.6594482,-160.5092539,-369.1170687,939.4694914,-89.39136115,-1119.597633,2687.142308
0.68,3.155874469e-24,-1.539072792e-24,0.2373647783,-3.192591114,6.773873399,-0.09382605042,5.78762951e-15,3.481248536e-24,-0.03072836721,1.717980871e-19,1.26874251e-19,0.3468576763,-5.833115955,9.29131349,-0.1337106859,2.395024151e-12,4.348226287e-21,-0.01970715069,8.838914667e-16,5.548599151e-16,-60.18825855,598.4943401,-1807.734247,24.08966967,-1.467214764e-08,5.052813411e-17,12.11392341,-108.0332338,959.6724508,395.1492777,151.9177877,341.2556983,-869.0811097,88.10879786,1037.691558,-2555.059822
0.69,2.869338703e-25,1.584392234e-25,0.2408554368,-3.251306178,6.867346526,-0.09517126803,4.289634566e-15,1.934775922e-24,-0.03092616185,-1.622460997e-19,-1.196703425e-19,0.3510788591,-5.907945917,9.397457063,-0.135254771,-2.746390268e-12,-4.219606302e-21,-0.01981273528,-8.955247649e-16,-5.709979022e-16,55.67600448,-559.9060458,1668.264522,-22.25588963,1.241494347e-08,-4.868408027e-17,-11.0635354,114.7554509,-878.6819058,-356.4462529,-135.0912113,-315.7433325,804.5761701,-76.43217837,-958.4624967,2398.232257
0.7,5.115666087e-24,-3.075249134e-24,0.2443460953,-3.310347168,6.960614131,-0.0965150337,4.896060637e-15,-2.022630231e-25,-0.03111656955,1.533865272e-19,1.122675006e-19,0.3472310557,-5.902033745,9.261410522,-0.1335696516,2.882588737e-12,3.397133453e-21,-0.01830445451,9.014118892e-16,5.823558385e-16,-51.48283939,511.4711161,-1546.588593,20.60782248,-1.015777996e-08,4.668903766e-17,10.37245378,-98.40170104,816.5000414,336.5796078,128.4480207,291.6853242,-743.6879496,76.01070701,887.9167087,-2279.848943
0.71,-5.059137097e-24,2.34914596e-25,0.2478367538,-3.369713362,7.053675075,-0.09785733144,2.627757322e-15,-5.39702357e-26,-0.03129959351,-1.459264411e-19,-1.050103867e-19,0.3507379437,-5.969578572,9.345897375,-0.1348248171,-3.318672311e-12,-3.01250649e-21,-0.0182677887,-9.024172829e-16,-5.892112964e-16,47.58821596,-479.0292829,1425.602707,-19.02045451,7.900309073e-09,-4.451940143e-17,-9.44574106,105.2044851,-746.0663705,-302.2104915,-113.4714016,-269.7017278,688.0085107,-65.17591498,-819.2674135,2131.547693
0.72,-1.867599548e-24,-2.476682542e-25,0.2513274123,-3.429404038,7.146528226,-0.0991981454,3.830051549e-15,6.244916165e-26,-0.03147523715,1.37417988e-19,9.852033668e-20,0.3475422661,-5.970041436,9.229188359,-0.1333973822,3.512239995e-12,2.718008541e-21,-0.01689064728,8.99030802e-16,5.920416599e-16,-43.97269064,436.3986729,-1321.301684,17.60407655,-5.643127737e-09,4.230345154e-17,8.870070308,-89.00697394,693.7284418,286.3778436,108.5026166,248.9693071,-635.4485517,65.51254427,758.6738691,-2026.966866
0.73,4.499845264e-25,-9.55510363e-25,0.2548180708,-3.489418468,7.239172452,-0.10053746,1.050033716e-15,8.688555739e-25,-0.0316435041,-1.281741698e-19,-9.249734444e-20,0.3504539066,-6.031489743,9.295591017,-0.1344113185,-3.99435046e-12,-2.272605304e-21,-0.01673563094,-8.912871198e-16,-5.913849173e-16,40.61788985,-409.3250171,1216.46556,-16.23201171,3.385808678e-09,-4.004700328e-17,-8.051486077,95.96695679,-632.4624371,-255.7704346,-95.11913665,-230.0630491,587.4848643,-55.42279929,-699.2710493,1887.200824
0.74,6.143311234e-25,-1.879335215e-25,0.2583087293,-3.549755921,7.331606624,-0.1018752596,2.667966949e-15,2.575959175e-25,-0.03180439821,1.198120123e-19,8.673256236e-20,0.3478014526,-6.037237297,9.194953393,-0.1331980784,4.218721231e-12,1.897390963e-21,-0.01546792796,8.795818292e-16,5.876651616e-16,-37.50647379,371.7638472,-1127.333286,15.01789649,-1.12857488e-09,3.774779654e-17,7.576501076,-79.99237441,588.6607545,243.4315622,91.58479508,212.2300463,-542.2036908,56.42394734,647.3698271,-1796.244828
0.75,1.927535067e-24,-4.700338858e-26,0.2617993878,-3.610415662,7.423829616,-0.1032115291,-4.769842852e-16,1.210996564e-25,-0.03195792353,-1.115520184e-19,-8.104368403e-20,0.350217441,-6.093583229,9.246260821,-0.1340106947,-4.724395898e-12,-1.700442876e-21,-0.01521456845,-8.644532567e-16,-5.812112315e-16,34.62209836,-349.3641863,1036.56517,-13.83339004,-1.128644106e-09,-3.546613821e-17,-6.852180565,87.16294282,-535.3327676,-216.0801996,-79.56991121,-195.9995113,500.96468,-46.99172494,-596.0236512,1664.781478
0.76,-8.147208958e-25,-5.371123255e-25,0.2652900463,-3.671396952,7.515840304,-0.1045462532,1.463394415e-15,3.764263131e-25,-0.03210408431,1.034109056e-19,7.555023923e-20,0.3480171496,-6.103703502,9.15896371,-0.1329752957,4.965944345e-12,1.552804019e-21,-0.01403817072,8.462603951e-16,5.723204308e-16,-31.94937598,316.2187167,-960.6389375,12.79535717,3.385907868e-09,3.325496342e-17,6.464779583,-71.45704495,498.9126673,206.7586321,77.2607247,180.6877067,-462.027455,48.57290461,551.6933126,-1587.064735
0.77,-4.744358172e-25,1.53943888e-25,0.2687807048,-3.732699048,7.607637567,-0.1058794172,-1.968916814e-15,5.467770736e-25,-0.03224288503,-9.615748259e-20,-7.028633343e-20,0.3500207235,-6.155777671,9.197674134,-0.1336199572,-5.483314075e-12,-1.342468272e-21,-0.01370320188,-8.254915205e-16,-5.613010939e-16,29.47383551,-297.8769302,882.0912906,-11.77378701,-5.643100166e-09,-3.111588761e-17,-5.82241931,78.87283232,-452.4394153,-182.218537,-66.41895707,-166.7773009,426.6324776,-39.71954592,-507.3472465,1463.496486
0.78,3.712837169e-25,2.394638894e-25,0.2722713633,-3.794321202,7.699220286,-0.107211006,2.424343069e-16,-4.270501054e-25,-0.03237433034,8.954431223e-20,6.544837321e-20,0.3481965265,-6.169508595,9.121436465,-0.1327320422,5.734396699e-12,9.919047605e-22,-0.01260297416,8.02709864e-16,5.484873606e-16,-27.18188195,268.5683188,-817.6331122,10.88865251,7.90034243e-09,2.901026078e-17,5.51099918,-63.46460341,422.3859123,175.4958558,65.15314451,153.6525412,-393.2104336,41.80491264,469.594307,-1398.485615
0.79,-3.184914717e-25,2.970955949e-25,0.2757620218,-3.856262665,7.790587347,-0.1085410053,-3.443096204e-15,1.269608431e-25,-0.03249842513,-8.329322757e-20,-6.08498327e-20,0.3498571862,-6.218004278,9.149635996,-0.1332366191,-6.25855979e-12,-7.447771736e-22,-0.01220038046,-7.783424435e-16,-5.341944048e-16,25.06075607,-253.7399799,749.6735003,-10.00826447,-1.015769419e-08,-2.693133895e-17,-4.93972958,71.14534098,-381.8171024,-153.3774414,-55.31497475,-141.7487621,362.8804935,-33.46012217,-431.3143519,1282.283989
0.8,1.616835614e-25,3.038118484e-25,0.2792526803,-3.91852268,7.881737634,-0.1098694006,-9.971194371e-16,7.40151311e-26,-0.03261517445,7.738131294e-20,5.652716397e-20,0.3483455983,-6.234709591,9.082554205,-0.1324708636,6.513305482e-12,6.160661551e-22,-0.01116370336,7.5272506e-16,5.18686277e-16,-23.09849434,227.7578531,-695.1508265,9.255583582,1.241494245e-08,2.492318526e-17,4.694057123,-56.05054157,357.2415944,148.8876422,54.9352396,130.5170207,-334.2420297,35.9819326,399.2623985,-1229.346565
0.81,8.10342215e-26,1.055580057e-25,0.2827433388,-3.98110049,7.972670038,-0.1111961775,-4.917224305e-15,4.649623824e-27,-0.03272458358,-7.175739023e-20,-5.249899763e-20,0.3497213222,-6.280204881,9.101983295,-0.1328586167,-7.041552112e-12,-5.280387197e-22,-0.01070516311,-7.261494974e-16,-5.022174397e-16,21.2838894,-215.9637952,636.3426223,-8.497234058,-1.467221653e-08,-2.30161076e-17,-4.184313879,64.00432024,-321.7467956,-128.8509613,-45.95417951,-120.3445379,308.2908395,-28.08320698,-366.2261861,1119.905793
0.82,-9.733004602e-26,-2.006476265e-25,0.2862339973,-4.043995332,8.063383451,-0.1125213221,-2.250339596e-15,3.53871728e-26,-0.03282665799,6.64358304e-20,4.861808689e-20,0.3484694054,-6.299353778,9.042470259,-0.1321939145,7.297962924e-12,4.463857214e-22,-0.009721525904,6.988733116e-16,4.849969491e-16,-19.60645132,192.8598582,-590.4091691,7.859045698,1.692935046e-08,2.121659732e-17,3.995398104,-49.22847436,301.8741762,126.275019,46.3248785,110.7480414,-283.7926174,30.98122638,339.1050335,-1078.349261
0.83,-3.59377548e-25,5.266183007e-26,0.2897246558,-4.10720644,8.153876767,-0.1138448204,-6.398780017e-15,4.632519302e-26,-0.03292140334,-6.154209294e-20,-4.49872853e-20,0.3496085193,-6.342330271,9.054579787,-0.1324842428,-7.829588036e-12,-3.686366864e-22,-0.009216785119,-6.711573764e-16,-4.672065792e-16,18.05636969,-183.6798681,539.4926307,-7.20594939,-1.918665743e-08,-1.952256861e-17,-3.538796,57.45447542,-270.7302336,-108.0244675,-38.07474614,-102.0658911,261.617787,-23.47324719,-310.5911124,975.0207655
0.84,-1.085872782e-25,8.806817692e-26,0.2932153143,-4.170733043,8.244148884,-0.1151666588,-3.521720776e-15,7.995612674e-27,-0.03300882548,5.697045665e-20,4.16444362e-20,0.3485721669,-6.363480248,9.001313339,-0.1319030198,8.085908687e-12,2.960933403e-22,-0.008277442428,6.432437007e-16,4.49039197e-16,-16.62447683,163.0617141,-500.9698068,6.66652847,2.144385529e-08,1.793081798e-17,3.398764279,-42.99535714,254.8866569,107.0851971,39.07927658,93.87939945,-240.6960627,26.69413421,287.7262762,-944.1229667
0.85,-7.781711131e-26,-1.280807476e-26,0.2967059728,-4.234574368,8.334198701,-0.1164868235,6.31983217e-15,1.752124438e-26,-0.03308893047,-5.265108542e-20,-3.853469076e-20,0.3495149189,-6.40433879,9.007311858,-0.1321120909,-5.784634447e-12,-2.386621601e-22,-0.00773462996,-6.153181377e-16,-4.306683251e-16,15.3022121,-156.1284851,456.8439344,-6.104016454,-2.313687173e-08,-1.643978878e-17,-2.987976234,51.48611212,-227.4658437,-90.36454744,-31.45169883,-86.47736384,221.7706148,-19.52814993,-263.1038207,846.2421392
0.86,7.338847712e-26,8.859748344e-28,0.3001966313,-4.298729637,8.424025123,-0.1178053014,-5.195351181e-15,-2.587918215e-26,-0.03316172455,4.866101876e-20,3.561689049e-20,0.3486574107,-6.427121194,8.959191439,-0.1315997269,3.154887691e-12,1.82636287e-22,-0.006832312699,5.875489348e-16,4.122334391e-16,-14.08158749,137.6537129,-424.7031929,5.649638593,2.370111717e-08,1.50467749e-17,2.889956637,-37.3357916,215.0672912,90.82182043,32.99011702,79.50466039,-203.9329702,23.02484056,243.906499,-825.2747687
0.87,-1.83005596e-26,3.390488521e-26,0.3036872898,-4.363198067,8.513627053,-0.119122079,5.524740729e-15,5.981178117e-27,-0.03322721415,-4.493632684e-20,-3.288850451e-20,0.3494372964,-6.466195128,8.960084928,-0.1317410065,-7.142877165e-13,-1.36081994e-22,-0.006258205232,-5.600898743e-16,-3.93851754e-16,12.95515441,-132.6471439,386.4086258,-5.164930286,-2.313680833e-08,-1.37477117e-17,-2.518599676,46.07903054,-190.8263126,-75.40962719,-25.89226508,-73.19987699,187.7973141,-16.1580561,-222.6255939,732.1812908
0.88,-4.121743565e-26,-2.006796577e-26,0.3071779484,-4.427978874,8.6030034,-0.1204371434,6.765895575e-15,-2.110970667e-27,-0.03328540588,4.145058342e-20,3.034419178e-20,0.3487280838,-6.490303022,8.916195152,-0.1312853495,7.091640952e-13,1.005432612e-22,-0.005386877653,5.330613876e-16,3.756267914e-16,-11.91597195,116.0178527,-359.7549463,4.78365158,2.200819342e-08,1.254035162e-17,2.456610849,-32.22553731,181.3680478,77.05597297,27.87913707,67.27050319,-172.6148939,19.88916235,206.5832784,-720.4274852
0.89,6.949186777e-27,3.233399656e-26,0.3106686069,-4.493071267,8.692153076,-0.1217504817,4.782348889e-15,2.196366968e-26,-0.03333630655,-3.820671725e-20,-2.797811898e-20,0.349372959,-6.527869314,8.912820407,-0.131370047,-8.931933773e-13,-6.725544626e-23,-0.004787122366,-5.065657165e-16,-3.576490399e-16,10.95757631,-112.659748,326.4580593,-4.365642687,-2.087959699e-08,-1.142098534e-17,-2.11914007,41.20568204,-159.8379553,-62.76137139,-21.23169203,-61.90432902,158.8693403,-13.28414949,-188.1658745,631.4803299
0.9,-1.866887428e-26,6.690287944e-27,0.3141592654,-4.558474455,8.781074994,-0.1230620811,4.872462189e-15,-8.859564028e-27,-0.03337992315,3.519978659e-20,2.578516582e-20,0.3487866458,-6.553047274,8.872400465,-0.130961005,7.309599756e-13,3.735858099e-23,-0.003941778059,4.806929041e-16,3.399972062e-16,-10.07395178,97.61744789,-304.5146778,4.047096106,1.975095081e-08,1.038443678e-17,2.08798942,-27.63434016,152.8849001,65.41797391,23.59417058,56.87058104,-145.9696552,17.21338402,174.8336614,-628.2474409
0.91,1.584122599e-26,-7.361193347e-28,0.3176499239,-4.624187639,8.869768071,-0.1243719292,3.751365287e-15,9.491602814e-27,-0.03341626284,-3.240942743e-20,-2.375664513e-20,0.3493196606,-6.589335854,8.865453116,-0.1309984468,-8.013468546e-13,-1.408542878e-23,-0.003321079439,-4.555176446e-16,-3.227387512e-16,9.259502905,-95.66664267,275.4929563,-3.686163628,-1.862232936e-08,-9.426533997e-18,-1.779600484,36.83369466,-133.6619297,-52.07687339,-17.32951002,-52.30572305,134.2675147,-10.83752179,-158.8652496,542.8355331
0.92,-3.057750034e-27,1.021272317e-26,0.3211405824,-4.69021002,8.958231225,-0.1256800134,3.183682434e-15,6.32914608e-27,-0.03344533298,2.982694528e-20,2.187696185e-20,0.3488351477,-6.615371427,8.827871127,-0.1306276463,5.560368792e-13,-2.573875467e-24,-0.002497570288,4.310999064e-16,3.059288231e-16,-8.509028162,81.98759725,-257.5873914,3.421372709,1.749370133e-08,8.543924587e-18,1.774791015,-23.52817949,128.8399596,55.58995916,20.00562647,48.03991589,-123.3278406,14.93315568,147.8578797,-547.4640049
0.93,-4.96413462e-28,-9.701587298e-27,0.3246312409,-4.756540793,9.046463379,-0.1269863216,2.568434337e-15,5.232750486e-28,-0.0334671411,-2.743940648e-20,-2.013785344e-20,0.349275529,-6.650573007,8.817929117,-0.1306255888,-5.661982065e-13,1.437316512e-23,-0.001859846677,-4.074876884e-16,-2.896113152e-16,7.817694822,-81.23551706,232.2161081,-3.109197286,-1.636508259e-08,-7.733099465e-18,-1.49133131,32.9278649,-111.577278,-43.06162182,-14.06621918,-44.1578277,113.3691233,-8.758106482,-133.9798989,465.0133961
0.94,-5.238959507e-28,-1.418622891e-26,0.3281218994,-4.823179149,9.134463458,-0.1282908418,1.603843629e-15,6.896934449e-27,-0.03348169491,2.523151417e-20,1.852368625e-20,0.3488752981,-6.677289549,8.782660644,-0.1302860879,2.769684855e-13,-2.34529612e-23,-0.001054739605,3.847168659e-16,2.738197819e-16,-7.181015204,68.72651783,-217.7674819,2.890407085,1.523646081e-08,6.989982401e-18,1.508977088,-19.87102615,108.5654083,47.2992249,17.00337586,40.54982284,-104.110499,12.99246471,124.9645304,-476.8825324
0.95,-1.236868724e-26,1.365219547e-26,0.3316125579,-4.890124277,9.22223039,-0.1295935619,1.305341717e-15,-3.943084098e-27,-0.03348900228,-2.319317372e-20,-1.702614446e-20,0.3492390049,-6.71156218,8.770203881,-0.1302509798,-2.552552575e-13,2.943982871e-23,-0.0004032542449,-3.62812831e-16,-2.58578298e-16,6.594824162,-68.99316491,195.5076533,-2.619812428,-1.410784037e-08,-6.310373616e-18,-1.246865434,29.45170249,-92.96572923,-35.46321141,-11.34036903,-37.24836074,95.63620722,-6.993689509,-112.8674995,396.8608147
0.96,4.17984408e-27,-8.106117772e-28,0.3351032164,-4.95737536,9.309763105,-0.1308944703,8.14605039e-17,-1.977147967e-27,-0.03348907129,2.131157472e-20,1.564448475e-20,0.3489085197,-6.738812866,8.736813959,-0.1299370286,-5.725737058e-14,-3.535325184e-23,0.0003862886391,3.417919705e-16,2.439052372e-16,-6.055257819,57.48772532,-184.0152722,2.440337264,1.297920429e-08,5.689792432e-18,1.283615447,-16.62619347,91.48914817,40.31229459,14.49401603,34.20334746,-87.81801827,11.34268631,105.5571924,-415.3921032
0.97,-2.099526577e-27,-1.248699962e-27,0.3385938749,-5.02493158,9.397060536,-0.1321935553,-8.608679787e-19,1.237238833e-27,-0.03348191016,-1.957294393e-20,-1.437131867e-20,0.3492087905,-6.772287407,8.72224075,-0.1298742295,9.574009605e-14,4.074836092e-23,0.001048818032,-3.216618229e-16,-2.29814162e-16,5.55873348,-58.6180754,164.4028476,-2.205146001,-1.185057301e-08,-5.123509439e-18,-1.039770008,26.36860531,-77.29816852,-29.06575417,-9.065998563,-31.39467345,80.60501512,-5.499000264,-94.97454049,337.3106714
0.98,1.284301999e-27,-1.835411867e-27,0.3420845334,-5.092792114,9.48412162,-0.1334908057,-1.410840458e-15,6.343610421e-28,-0.03346752729,1.796858451e-20,1.319615317e-20,0.348935996,-6.799950227,8.69036886,-0.12958107,-4.205395325e-13,-4.431206631e-23,0.001825139602,3.024227116e-16,2.163124893e-16,-5.10193071,47.97302457,-155.4359819,2.059233193,1.072194328e-08,4.607426713e-18,1.092740022,-13.75735265,77.12205999,34.42966147,12.39847802,28.83118969,-74.02013866,9.941715088,89.12242162,-361.9692225
0.99,-9.812092041e-28,-6.551806638e-28,0.3455751919,-5.160956134,9.570945297,-0.13478621,-1.329291011e-15,1.589588896e-27,-0.03344593125,-1.648927301e-20,-1.211216687e-20,0.3491838067,-6.832734925,8.67400964,-0.1294950341,4.679790916e-13,4.68487502e-23,0.002496449294,-2.840693836e-16,-2.034021596e-16,4.681773511,-49.8338114,138.072195,-1.854138225,-9.59330852e-09,-4.137831241e-18,-0.8645139804,23.64273079,-64.12265548,-23.68493984,-7.170402807,-26.43990602,67.87656005,-4.234883518,-79.8249783,285.3838944
1,6.46485852e-28,2.003840625e-27,0.3490658504,-5.22942281,9.657530508,-0.1360797572,-2.886087363e-15,-8.890823215e-28,-0.03341713078,1.512609681e-20,1.111373739e-20,0.348958711,-6.860708503,8.64335717,-0.1292187328,-7.991359801e-13,-4.877520227e-23,0.003261481045,2.665916068e-16,1.910811157e-16,-4.295413561,39.92626263,-131.2609825,1.736846813,8.464695206e-09,3.711044457e-18,0.9312258924,-11.22927472,65.04675078,29.48115322,10.64994401,24.28808227,-62.34703657,8.753176884,75.21904512,-315.6784547
#simulation finished=2026-05-10,21:13:23
#Solver Info: cpuTime=0.0087023,stepReductionFailed(or step failed)=0,discontinuousIterationSuccessful=1,newtonSolutionDiverged=0,massMatrixNotInvertible=0,total time steps=100,total Newton iterations=349,total Newton jacobians=349
